%% http://cloford.com/resources/colours/500col.htm

color.indian_red	=[	176	23	31	]/255;
color.crimson	=[	220	20	60	]/255;
color.lightpink	=[	255	182	193	]/255;
color.lightpink1	=[	255	174	185	]/255;
color.lightpink2	=[	238	162	173	]/255;
color.lightpink3	=[	205	140	149	]/255;
color.lightpink4	=[	139	95	101	]/255;
color.pink	=[	255	192	203	]/255;
color.pink1	=[	255	181	197	]/255;
color.pink2	=[	238	169	184	]/255;
color.pink3	=[	205	145	158	]/255;
color.pink4	=[	139	99	108	]/255;
color.palevioletred	=[	219	112	147	]/255;
color.palevioletred1	=[	255	130	171	]/255;
color.palevioletred2	=[	238	121	159	]/255;
color.palevioletred3	=[	205	104	137	]/255;
color.palevioletred4	=[	139	71	93	]/255;
color.lavenderblush1 	=[	255	240	245	]/255;
color.lavenderblush2	=[	238	224	229	]/255;
color.lavenderblush3	=[	205	193	197	]/255;
color.lavenderblush4	=[	139	131	134	]/255;
color.violetred1	=[	255	62	150	]/255;
color.violetred2	=[	238	58	140	]/255;
color.violetred3	=[	205	50	120	]/255;
color.violetred4	=[	139	34	82	]/255;
color.hotpink	=[	255	105	180	]/255;
color.hotpink1	=[	255	110	180	]/255;
color.hotpink2	=[	238	106	167	]/255;
color.hotpink3	=[	205	96	144	]/255;
color.hotpink4	=[	139	58	98	]/255;
color.raspberry	=[	135	38	87	]/255;
color.deeppink1 =[	255	20	147	]/255;
color.deeppink2	=[	238	18	137	]/255;
color.deeppink3	=[	205	16	118	]/255;
color.deeppink4	=[	139	10	80	]/255;
color.maroon1	=[	255	52	179	]/255;
color.maroon2	=[	238	48	167	]/255;
color.maroon3	=[	205	41	144	]/255;
color.maroon4	=[	139	28	98	]/255;
color.mediumvioletred	=[	199	21	133	]/255;
color.violetred	=[	208	32	144	]/255;
color.orchid	=[	218	112	214	]/255;
color.orchid1	=[	255	131	250	]/255;
color.orchid2	=[	238	122	233	]/255;
color.orchid3	=[	205	105	201	]/255;
color.orchid4	=[	139	71	137	]/255;
color.thistle	=[	216	191	216	]/255;
color.thistle1	=[	255	225	255	]/255;
color.thistle2	=[	238	210	238	]/255;
color.thistle3	=[	205	181	205	]/255;
color.thistle4	=[	139	123	139	]/255;
color.plum1	=[	255	187	255	]/255;
color.plum2	=[	238	174	238	]/255;
color.plum3	=[	205	150	205	]/255;
color.plum4	=[	139	102	139	]/255;
color.plum	=[	221	160	221	]/255;
color.violet	=[	238	130	238	]/255;
color.magenta 	=[	255	0	255	]/255;
color.magenta2	=[	238	0	238	]/255;
color.magenta3	=[	205	0	205	]/255;
color.magenta4 	=[	139	0	139	]/255;
color.purple	=[	128	0	128	]/255;
color.mediumorchid	=[	186	85	211	]/255;
color.mediumorchid1	=[	224	102	255	]/255;
color.mediumorchid2	=[	209	95	238	]/255;
color.mediumorchid3	=[	180	82	205	]/255;
color.mediumorchid4	=[	122	55	139	]/255;
color.darkviolet	=[	148	0	211	]/255;
color.darkorchid	=[	153	50	204	]/255;
color.darkorchid1	=[	191	62	255	]/255;
color.darkorchid2	=[	178	58	238	]/255;
color.darkorchid3	=[	154	50	205	]/255;
color.darkorchid4	=[	104	34	139	]/255;
color.indigo	=[	75	0	130	]/255;
color.blueviolet	=[	138	43	226	]/255;
color.purple1	=[	155	48	255	]/255;
color.purple2	=[	145	44	238	]/255;
color.purple3	=[	125	38	205	]/255;
color.purple4	=[	85	26	139	]/255;
color.mediumpurple	=[	147	112	219	]/255;
color.mediumpurple1	=[	171	130	255	]/255;
color.mediumpurple2	=[	159	121	238	]/255;
color.mediumpurple3	=[	137	104	205	]/255;
color.mediumpurple4	=[	93	71	139	]/255;
color.darkslateblue	=[	72	61	139	]/255;
color.lightslateblue	=[	132	112	255	]/255;
color.mediumslateblue	=[	123	104	238	]/255;
color.slateblue	=[	106	90	205	]/255;
color.slateblue1	=[	131	111	255	]/255;
color.slateblue2	=[	122	103	238	]/255;
color.slateblue3	=[	105	89	205	]/255;
color.slateblue4	=[	71	60	139	]/255;
color.ghostwhite	=[	248	248	255	]/255;
color.lavender	=[	230	230	250	]/255;
color.blue	=[	0	0	255	]/255;
color.blue2	=[	0	0	238	]/255;
color.blue3 	=[	0	0	205	]/255;
color.blue4 =[	0	0	139	]/255;
color.navy	=[	0	0	128	]/255;
color.midnightblue	=[	25	25	112	]/255;
color.cobalt	=[	61	89	171	]/255;
color.royalblue	=[	65	105	225	]/255;
color.royalblue1	=[	72	118	255	]/255;
color.royalblue2	=[	67	110	238	]/255;
color.royalblue3	=[	58	95	205	]/255;
color.royalblue4	=[	39	64	139	]/255;
color.cornflowerblue	=[	100	149	237	]/255;
color.lightsteelblue	=[	176	196	222	]/255;
color.lightsteelblue1	=[	202	225	255	]/255;
color.lightsteelblue2	=[	188	210	238	]/255;
color.lightsteelblue3	=[	162	181	205	]/255;
color.lightsteelblue4	=[	110	123	139	]/255;
color.lightslategray	=[	119	136	153	]/255;
color.slategray	=[	112	128	144	]/255;
color.slategray1	=[	198	226	255	]/255;
color.slategray2	=[	185	211	238	]/255;
color.slategray3	=[	159	182	205	]/255;
color.slategray4	=[	108	123	139	]/255;
color.dodgerblue1=[	30	144	255	]/255;
color.dodgerblue2	=[	28	134	238	]/255;
color.dodgerblue3	=[	24	116	205	]/255;
color.dodgerblue4	=[	16	78	139	]/255;
color.aliceblue	=[	240	248	255	]/255;
color.steelblue	=[	70	130	180	]/255;
color.steelblue1	=[	99	184	255	]/255;
color.steelblue2	=[	92	172	238	]/255;
color.steelblue3	=[	79	148	205	]/255;
color.steelblue4	=[	54	100	139	]/255;
color.lightskyblue	=[	135	206	250	]/255;
color.lightskyblue1	=[	176	226	255	]/255;
color.lightskyblue2	=[	164	211	238	]/255;
color.lightskyblue3	=[	141	182	205	]/255;
color.lightskyblue4	=[	96	123	139	]/255;
color.skyblue1	=[	135	206	255	]/255;
color.skyblue2	=[	126	192	238	]/255;
color.skyblue3	=[	108	166	205	]/255;
color.skyblue4	=[	74	112	139	]/255;
color.skyblue	=[	135	206	235	]/255;
color.deepskyblue1 	=[	0	191	255	]/255;
color.deepskyblue2	=[	0	178	238	]/255;
color.deepskyblue3	=[	0	154	205	]/255;
color.deepskyblue4	=[	0	104	139	]/255;
color.peacock	=[	51	161	201	]/255;
color.lightblue	=[	173	216	230	]/255;
color.lightblue1	=[	191	239	255	]/255;
color.lightblue2	=[	178	223	238	]/255;
color.lightblue3	=[	154	192	205	]/255;
color.lightblue4	=[	104	131	139	]/255;
color.powderblue	=[	176	224	230	]/255;
color.cadetblue1	=[	152	245	255	]/255;
color.cadetblue2	=[	142	229	238	]/255;
color.cadetblue3	=[	122	197	205	]/255;
color.cadetblue4	=[	83	134	139	]/255;
color.turquoise1	=[	0	245	255	]/255;
color.turquoise2	=[	0	229	238	]/255;
color.turquoise3	=[	0	197	205	]/255;
color.turquoise4	=[	0	134	139	]/255;
color.cadetblue	=[	95	158	160	]/255;
color.darkturquoise	=[	0	206	209	]/255;
color.azure1 =[	240	255	255	]/255;
color.azure2	=[	224	238	238	]/255;
color.azure3	=[	193	205	205	]/255;
color.azure4	=[	131	139	139	]/255;
color.lightcyan1 	=[	224	255	255	]/255;
color.lightcyan2	=[	209	238	238	]/255;
color.lightcyan3	=[	180	205	205	]/255;
color.lightcyan4	=[	122	139	139	]/255;
color.paleturquoise1	=[	187	255	255	]/255;
color.paleturquoise2 	=[	174	238	238	]/255;
color.paleturquoise3	=[	150	205	205	]/255;
color.paleturquoise4	=[	102	139	139	]/255;
color.darkslategray	=[	47	79	79	]/255;
color.darkslategray1	=[	151	255	255	]/255;
color.darkslategray2	=[	141	238	238	]/255;
color.darkslategray3	=[	121	205	205	]/255;
color.darkslategray4	=[	82	139	139	]/255;
color.cyan =[	0	255	255	]/255;
color.cyan2	=[	0	238	238	]/255;
color.cyan3	=[	0	205	205	]/255;
color.cyan4 =[	0	139	139	]/255;
color.teal	=[	0	128	128	]/255;
color.mediumturquoise	=[	72	209	204	]/255;
color.lightseagreen	=[	32	178	170	]/255;
color.manganeseblue	=[	3	168	158	]/255;
color.turquoise	=[	64	224	208	]/255;
color.coldgrey	=[	128	138	135	]/255;
color.turquoiseblue	=[	0	199	140	]/255;
color.aquamarine1 =[	127	255	212	]/255;
color.aquamarine2	=[	118	238	198	]/255;
color.aquamarine3 	=[	102	205	170	]/255;
color.aquamarine4	=[	69	139	116	]/255;
color.mediumspringgreen	=[	0	250	154	]/255;
color.mintcream	=[	245	255	250	]/255;
color.springgreen	=[	0	255	127	]/255;
color.springgreen1	=[	0	238	118	]/255;
color.springgreen2	=[	0	205	102	]/255;
color.springgreen3	=[	0	139	69	]/255;
color.mediumseagreen	=[	60	179	113	]/255;
color.seagreen1	=[	84	255	159	]/255;
color.seagreen2	=[	78	238	148	]/255;
color.seagreen3	=[	67	205	128	]/255;
color.seagreen4 =[	46	139	87	]/255;
color.emeraldgreen	=[	0	201	87	]/255;
